Project	revision count	project author count	class author count	loc	cbo	dit	lcom	noc	wmc	rfc
2ndaid06	1	1	1	5.5	0.5	1.25	29	0	4.75	4.75
51os	1.794509151	2	1.005823627	9.429284526	7.674708819	4.121464226	42.640599	1.027454243	6.77703827	31.31031614
aetheria	3.158730159	1	1	15.13333333	4.492063492	1.504761905	44.23492063	0.266666667	12.85396825	20.53333333
agileet	5.194444444	2	1.527777778	7.777777778	3.583333333	1.694444444	42.13888889	0.027777778	7.638888889	7.638888889
agreementdsl	1.1125	1	1	7.075	3.575	1.8	43.475	0.2375	8.5875	9.775
agrobot-uepg	2.047619048	2	1.095238095	15.45238095	2.142857143	1.5	49.66666667	0.071428571	5.19047619	5.333333333
ahy	2.479166667	1	1	12.33333333	2.166666667	1.416666667	63.9375	0.166666667	7.0625	9.75
aikaoshi	2	1	1	6.5	0	1	0	0	1	1
aionjfree	1.338582677	4	1.016105941	15.68432355	8.235504653	2.153543307	30.45168218	0.806012885	4.976020043	35.61775233
alexpucara	1.333333333	1	1	4	0.5	1.333333333	14	0	9.666666667	9.666666667
algorithmes-graphe	8.111111111	2	1.777777778	10.22222222	2.222222222	1.222222222	29.88888889	0.222222222	6.888888889	8
algosencillo	1	1	1	8.32	2.12	1.2	36.24	0.08	5.56	5.64
algoworld	2.884353741	1	1	8.761904762	3.884353741	1.537414966	37.53741497	0.292517007	3.43537415	5.455782313
alloy4eclipse	5.385	12	1.9	9.685	5.555	1.86	48.35	0.16	13.875	15.18
almoxarifadobdav	1	1	1	12.13043478	2.869565217	1.347826087	29.65217391	0.260869565	5.826086957	7.391304348
alocadormap	1	1	1	8.32	2.88	1.16	60.56	0	9.68	9.68
amazonas	2.909090909	1	1	7.636363636	2.590909091	1.727272727	67.25	0.227272727	10.15909091	15.43181818
ambiance	2.94	1	1	13.56	1.42	1.77	38.14	0.16	3.78	4.77
analizadorlexico	2	1	1	27.5	1.875	1.625	17.5	0.5	3.625	4.125
andro-enit	1	1	1	4	2	2	0	0	1	1
android-fraud-detection-and-display-system-ftse-100	2.386363636	3	1.181818182	14.5	2.25	1.545454545	40.79545455	0.340909091	6.954545455	9.5
android-in-practice	3.042553191	5	1.014184397	10.14893617	1.609929078	1.737588652	36.94326241	0.085106383	3.957446809	4.34751773
anhquan	1.104499274	1	1	9.297532656	5.995645864	2.323657475	49.61538462	0.52394775	10.05370102	28.0203193
anothervitaminc	1	1	1	3	0.5	1.5	0	0	1	1
anysuites	1.175115207	1	1	6.824884793	2.092165899	2.267281106	28.35483871	0.460829493	4.359447005	8.834101382
apiitfriends	1.548387097	1	1	9.290322581	2.225806452	1.548387097	50.35483871	0.483870968	5.612903226	6.741935484
apontamentodehoras	1.2	1	1	7.2	0.8	1.2	44.2	0	4.6	4.6
appcfgwrapper	2.545454545	1	1	20.81818182	2.454545455	1.454545455	35.36363636	0.090909091	6.090909091	6.545454545
appengine-catfish	1.048780488	1	1	9.707317073	3.56097561	1.585365854	42.19512195	0.317073171	7.536585366	8.756097561
appengine-data	3.5	1	1	6.7	1.1	1.6	59	0.2	6.6	7.1
arclib	2.541666667	1	1	21.98958333	3.75	1.302083333	52.92708333	0.239583333	9.09375	11.53125
arduino-freenas	1.05	1	1	9.15	1.35	1.4	39.9	0.4	5.8	8
arkmodel2d	5.911111111	2	1.644444444	5.444444444	3.777777778	1.577777778	42.97777778	0.488888889	7.666666667	11.64444444
as3toxmi	1.09375	1	1	12.25	2.6875	1.375	37.15625	0.1875	10.21875	13.6875
ascrblr	2.5625	2	1.458333333	9.1875	3.8125	1.6875	46.4375	1.583333333	6.520833333	8.520833333
ashevillejam2011	1.002487562	1	1	10.10199005	4.621890547	2.614427861	42.13681592	0.741293532	8.78358209	42.94029851
a-simple-lastfm-scrobbler	7.183333333	1	1	12.03333333	3.766666667	2.1	61.26666667	0.3	7.883333333	10.73333333
asyncorg	5.42	1	1	7.24	2.18	2.04	49.88	0.5	8.22	25.56
aurorasdk	1	1	1	11.95	1.8	1.675	50.025	0.1	5.8	6.7
autolib-java-client	1	1	1	23.11764706	3.294117647	1.235294118	38.88235294	0.176470588	12.41176471	15.23529412
autowebframe	1.594594595	1	1	10.16216216	1.378378378	1.351351351	62.59459459	0.054054054	13.10810811	14.21621622
avenzano-incubator	1.2	1	1	5.6	0	1.2	20	0	1.4	1.4
aviator	2.443396226	1	1	10.8254717	4.419811321	1.490566038	30.02830189	0.372641509	8.924528302	13.58490566
azw	2.157894737	1	1	6.736842105	2.473684211	1.236842105	44.63157895	0.210526316	7.078947368	9.815789474
bajos	1.061538462	2	1.030769231	16.53846154	3.415384615	1.261538462	35.92307692	1.261538462	7.246153846	19.95384615
banco-corba-exemplo	1	1	1	8.793103448	3.551724138	1.344827586	65.72413793	0.068965517	5.586206897	5.862068966
barbershop	4.417910448	1	1	6.23880597	2.76119403	2.089552239	49.04477612	0.507462687	8.776119403	11.50746269
barriossazo-algoritmos-estructuras-de-datos	1.967741935	1	1	10.41935484	1.129032258	1.483870968	14.90322581	0.161290323	6.516129032	7.419354839
batalhanaval	12.13636364	4	2.090909091	12.45454545	1.772727273	1.681818182	67.22727273	0	11.22727273	11.22727273
beans-board	2.4	2	1.6	7.8	1.6	1.4	66.4	1.4	7.8	12.6
beanshell2	1.95862069	5	1.15862069	12.53793103	4.682758621	1.544827586	41.88965517	0.379310345	8.634482759	15.06206897
benches	2.333333333	1	1	12.22222222	0.777777778	1.333333333	42.44444444	0	2.888888889	2.888888889
berkelium-java	3.444444444	2	1.296296296	7.740740741	2.740740741	1.407407407	52.2962963	0.592592593	8.296296296	11.11111111
betdaq-api	1	1	1	6.307692308	2	1.076923077	58.23076923	0	14.84615385	14.84615385
bgg-android-tools	2.891304348	1	1	10.84782609	2.673913043	1.739130435	51.47826087	0.043478261	8.239130435	8.586956522
bgjavajmfaudiortp	1.166666667	1	1	11.75	1.416666667	1	52.33333333	0	6.916666667	6.916666667
bhf	7.363636364	2	1.363636364	9.818181818	2.181818182	1.545454545	58.54545455	0	7.636363636	7.636363636
bhj	1.117647059	1	1	10.64705882	2.823529412	1.529411765	35.26470588	0	6.911764706	6.911764706
biffbamblammogame	5.166666667	1	1	15	2.944444444	1.833333333	72.5	0	11.5	11.5
bigcache	1.956521739	1	1	5.391304348	1.52173913	1.260869565	30.04347826	0.130434783	4.652173913	5.695652174
birpn	2.306666667	2	1.76	4.173333333	1.32	4.2	6.506666667	0.906666667	3.76	16.94666667
birthdayplus	13.52380952	4	1.793650794	9.888888889	3.793650794	1.396825397	57.04761905	0.031746032	9.952380952	10.38095238
bjw	1	1	1	4.5	2.125	1.5	25.5	0	6	6
blackberry-google-chart-api	2	1	1	6.9	1	1.6	38.5	0.5	5.2	6
blackboardeventprocessor	4.255319149	2	1.021276596	7.914893617	2.170212766	1.106382979	68.57446809	0.085106383	13.76595745	18
blackjackinjava	10.42857143	4	2.142857143	9.142857143	3.142857143	1.428571429	57.14285714	0	11.71428571	11.71428571
blackjack-school-project	1.142857143	1	1	8	1.285714286	1.428571429	67.28571429	0	9	9
blinkframework	3.684210526	1	1	5.368421053	2.824561404	1.543859649	41.56140351	0.315789474	7.842105263	13.05263158
blinkspeak	1	1	1	9.172413793	2.068965517	1.172413793	36.68965517	0.034482759	4.931034483	5.137931034
blobscanner	1	1	1	17	0	1	91	0	44	44
blogger-api-client	2.666666667	1	1	4.166666667	2	1.166666667	54.5	0	8.833333333	8.833333333
bloggerdesktop	5.222222222	2	1.666666667	14.77777778	1.555555556	1.777777778	61.88888889	0	7.111111111	7.111111111
blogjun	1	1	1	6.428571429	0.857142857	1.142857143	22.57142857	0	4.142857143	4.142857143
blokucbl	1.6	1	1	4	0.8	1.5	49	0.1	4.7	5
blowfishkau	7.75	2	2	25	0.75	1	45.25	0	3.75	3.75
bluescatnet	1	1	1	8.895238095	4.752380952	1.761904762	56.32380952	0.2	10.41904762	15.04761905
blueshmuzeec	1	1	1	14.85714286	2.571428571	1.571428571	63.5	0	7.571428571	7.571428571
bluetooth-multistake	1	1	1	31.66666667	0	1	31	0	4	4
bna-bolsadellibro	1.25	1	1	17.25	0.75	1	48.25	0	9.5	9.5
bookinfo	1.333333333	1	1	11.5	1	1.666666667	28	0	11.83333333	11.83333333
botleecher	3.235294118	1	1	6.941176471	3.294117647	1.352941176	41.29411765	0	6.176470588	6.176470588
boxer-bayesian-regression	3.72972973	3	1.216216216	14.01351351	7.324324324	1.391891892	42.44594595	0.27027027	9.27027027	14.45945946
bport	5	1	1	17.5	0	1.5	29.5	0	1.5	1.5
break-time	3.37962963	1	1	6.314814815	2.398148148	1.333333333	33.47222222	0.212962963	5.305555556	6.666666667
brewery-ci	1.3	1	1	8.4	1.65	1.55	30.75	0.1	4.2	4.6
brxsy	16.37931034	5	3.448275862	20.93103448	4.275862069	1.793103448	56.31034483	0.137931034	10.20689655	12.06896552
bssoasec	1.333333333	2	1.333333333	4.888888889	1.592592593	1.37037037	36.22222222	0.111111111	2.62962963	3.407407407
buildbox-try	1	1	1	12	0	2	0	0	1	1
bukkit-to-date	2.6	1	1	33	0.2	1.2	33.6	0	3.8	3.8
busonline	1.083333333	1	1	2.666666667	1.166666667	1.666666667	36.25	0.5	3.75	5.083333333
bwhf	19.5	1	1	18.36206897	3.603448276	2.120689655	48.87931034	0.844827586	6.017241379	10.48275862
c5-test-support	1.708333333	1	1	10.54166667	1.416666667	1.291666667	18.625	0	2.916666667	2.916666667
cafesudoku	14.25	1	1	13	1.5	1	73.5	0	15.25	15.25
caffeineim	2.252475248	6	1.103960396	10.8019802	3.707920792	2.702970297	51.48514851	0.475247525	4.99009901	13.87128713
carcassone-m1-p7	3.962962963	2	1.481481481	12.66666667	3.740740741	1.592592593	44.11111111	0.333333333	5.555555556	7.074074074
cardsmemory	1	1	1	13.625	2.3125	1.375	44.1875	0.0625	5.1875	5.5625
category-classification-double-check	4.875	1	1	17.75	2.125	1	15.25	0	3.875	3.875
catnip	1.9	1	1	7.85	1.9	1.55	48.3	0.2	7.25	7.35
cbmed2009	2.589285714	2	1.196428571	12.73214286	1.785714286	1.571428571	40.58928571	0.053571429	5.892857143	6.178571429
ceefee	1	1	1	24.16216216	3.756756757	1.675675676	41.35135135	0.027027027	9.108108108	9.378378378
cen3031catan	3.479166667	10	1.979166667	42.47916667	5.25	1.458333333	54.41666667	0.125	8.083333333	9.375
centralnutri	1.454545455	1	1	12.72727273	1.181818182	1.636363636	66.45454545	0	12.54545455	12.54545455
cephlib	1.538461538	1	1	10.90384615	2.019230769	2.509615385	50.46153846	0.432692308	6.778846154	10.16346154
cf2wst	1.333333333	1	1	14.66666667	1.333333333	1.333333333	33.33333333	0	1.333333333	1.333333333
cf-easycms	1	1	1	9.642857143	0.964285714	1.392857143	35.46428571	0.178571429	4.857142857	5.25
chakra-buana	4.5	4	1.75	4.25	0	1	0	0	1	1
chartparse	5.388888889	1	1	5.888888889	2.111111111	1.166666667	38.72222222	0.111111111	6.111111111	6.888888889
cheetah-workflow	1.829268293	2	1.43902439	7	3.073170732	1.902439024	38.67073171	0.195121951	5.280487805	7.93902439
chinasupport	1	1	1	6	0	1	71	0	7	7
chuidiang-descargador	1	1	1	18.75	2	1.5	51.75	0	7.25	7.25
cio2005	1	1	1	16.1754386	1.280701754	2.421052632	41.73684211	0.947368421	5.052631579	7.122807018
city-bus-times	4	2	1.666666667	14.33333333	0.666666667	1.333333333	40.33333333	0	4.333333333	4.333333333
clacs	1.080882353	2	1.003676471	10.47426471	3.757352941	1.900735294	42.48529412	0.194852941	9.084558824	11.55882353
clasp	1.345454545	1	1	6.890909091	1.090909091	1.454545455	48.16363636	0.1	8.727272727	10.09090909
class-search	1.888888889	1	1	11.66666667	2.111111111	1.222222222	30	0.111111111	3.555555556	3.777777778
clickframes-jee6	3	2	1.090909091	13.09090909	1.090909091	1.272727273	47.54545455	0.090909091	4.636363636	5.090909091
cliente-servidor-2010-llrv	1.117647059	2	1.117647059	6	2.205882353	1.338235294	46.63235294	0	11.89705882	11.89705882
client-objects	3.176470588	1	1	12.32352941	2.676470588	1.382352941	40.79411765	0	6.941176471	6.941176471
clojure-server-pages	1	1	1	21	0	2	0	0	2	2
closure-templates	2.485175202	5	2.20754717	11.4393531	7.752021563	2.380053908	33.5902965	0.733153639	7.84097035	21.56334232
cloudcache-java	1	1	1	5.642857143	1.357142857	1.285714286	23.42857143	0.142857143	4.928571429	5.928571429
cloudsystem	6.085470085	1	1	7.991452991	5.299145299	2.017094017	48.24786325	0.538461538	6.076923077	11.56410256
cluster	1.240384615	1	1	15.07554945	3.456043956	2.675824176	55.78021978	0.399725275	8.876373626	28.59752747
cmpt371t1	3.048042705	9	1.290035587	7.524911032	3.848754448	1.628113879	45.94661922	0.34519573	9.464412811	13.98932384
cnc-milling-machine	1.7	1	1	13.7	3.475	2.1	61.775	0.425	10.675	16.5
cnmarc4j	1.2	1	1	7.4	1.3	1.3	45.8	0	4.4	4.4
coderepo	2.142857143	1	1	12.42857143	0.714285714	1.285714286	35.85714286	0	7.285714286	7.285714286
colorutils	2.4	1	1	9.4	1.6	1.6	9.4	0.2	11.6	15.8
commons-web	1	1	1	8	0.666666667	1.333333333	0	0	2.333333333	2.333333333
compiladorturboches	11.95238095	2	1.523809524	10.04761905	3.285714286	2.142857143	42.95238095	0.571428571	8.523809524	14.42857143
compound-db	7.696969697	3	1.333333333	16.15151515	2.939393939	1.272727273	38.15151515	0	8.242424242	8.242424242
congaplayer	5.931034483	2	1.413793103	16.10344828	4.034482759	1.344827586	42.65517241	0.344827586	3.793103448	4.827586207
context-sensitive-mobile-ims	4.815789474	2	1.342105263	10.63157895	2.894736842	1.552631579	60.05263158	0	8.315789474	8.315789474
coolercat09prj	3.851239669	1	1	11.68595041	2.867768595	1.685950413	45.00826446	0.41322314	10.2231405	11.12396694
coopsender	1	1	1	13	1	1	62.33333333	0	8.666666667	8.666666667
copie	1.227272727	1	1	14.54545455	2.636363636	1.545454545	52.72727273	0	8.909090909	8.909090909
co-soft	9.854166667	4	1.1875	8.416666667	1.6875	1.479166667	47.29166667	0.208333333	4.229166667	5.833333333
cqrs-sample	1.5	1	1	7.5	0	1	0	0	2	2
crepz-player	4.283333333	3	1.283333333	13.46666667	3.483333333	1.433333333	59.53333333	0.016666667	14.08333333	14.76666667
cryptossium	1	1	1	10.66666667	0.333333333	1.666666667	11	0	1.666666667	1.666666667
cs-hangman	3.846153846	2	1.615384615	15.61538462	0.846153846	1.153846154	14.38461538	0	2.076923077	2.076923077
cs-javaphp	4.988235294	5	1.117647059	12	3.294117647	1.258823529	48.42352941	0	8.117647059	8.117647059
csmstaffhelper	1.857142857	1	1	16	1.428571429	1.428571429	51.42857143	0	6.285714286	6.285714286
cubooks	1	1	1	8.333333333	2.555555556	1.222222222	52.66666667	0.148148148	9.037037037	10.66666667
culandcon	1	1	1	8.055555556	1.888888889	1.444444444	31.33333333	0.166666667	4.333333333	4.666666667
cursos-wpjr	2.945606695	1	1	8.958158996	5.058577406	2.518828452	42.10460251	0.635983264	7.468619247	18.83263598
custom-keymatch-onebox	3.163265306	2	1.020408163	7.918367347	2.714285714	1.285714286	52.55102041	0.224489796	7.285714286	8.959183673
cwatchthehamster	1	1	1	13.42857143	2.785714286	1.5	71.28571429	0	11.07142857	11.07142857
darkseid	1	1	1	11	0	2	0	0	2	2
dataharbour	4.114285714	1	1	12.27619048	2.714285714	1.552380952	48.15238095	0.057142857	10.38095238	11.3047619
davidstop	1	1	1	4.5	1.5	1.5	16.5	0	2.5	2.5
dbassert	1.245901639	1	1	5.918032787	2.557377049	1.62295082	36.50819672	0.31147541	9.950819672	14.81967213
dbbridge	1	1	1	11.15	1.7	1.2	53.6	0	3.8	3.8
dbmetadataconverter	2.4	1	1	7.2	1.8	1	72	0	15.6	15.6
dcmaperu	1.222222222	1	1	15.37037037	1.814814815	1.518518519	51	0	4.407407407	4.407407407
ddb2008	10.14285714	3	1.607142857	13.89285714	2.928571429	1.285714286	55.60714286	0.071428571	10.60714286	10.64285714
ddb2009	5.444444444	3	1.138888889	18.27777778	2.75	1.277777778	34.91666667	0.055555556	5.194444444	5.361111111
ddljen	1.454545455	1	1	4.909090909	2.318181818	1.636363636	45.36363636	0.5	6.681818182	9.863636364
deck-builder	2.285714286	1	1	8.071428571	5.214285714	1.571428571	64.67857143	0.142857143	11.71428571	13.57142857
deliverator	1	1	1	10	0	2	0	0	2	2
demo-projects	1.350943396	1	1	13.01886792	1.196226415	1.513207547	49.40377358	0.060377358	7.305660377	8.113207547
depunit	2.651162791	1	1	7.069767442	2.139534884	1.418604651	37.58139535	0.255813953	6.88372093	8.395348837
design-patterns-code-base	1.228571429	1	1	4.057142857	0.828571429	1.314285714	20.37142857	0.371428571	2.771428571	4.057142857
digitaltesbih	2.5	1	1	21.33333333	1.5	1.5	54	0	9.833333333	9.833333333
dimond-smoke-simulation	5.8	2	1.6	15.6	1.2	1.6	39.2	0	6	6
dipacademia	1.531914894	1	1	7.329787234	4.89893617	1.877659574	63.20744681	0.515957447	11.07446809	17.99468085
discography	1.379310345	1	1	29.44827586	2.344827586	1.344827586	50.5862069	0	6.862068966	6.862068966
distributed-software-application-crawler	11.6	2	1.533333333	21.73333333	2.266666667	1.333333333	33.66666667	0	6.866666667	6.866666667
divizor	2.1875	1	1	8.5625	2.96875	1.46875	26.34375	0.1875	7.3125	8.25
dnasim	18.8	3	2.2	31.4	1	1.8	29	0	3.6	3.6
dniesign	4.280821918	1	1	9.924657534	2.869863014	1.48630137	49.01369863	0	4.98630137	4.98630137
doctestj	2	1	1	17	0	1	43	0	7.5	7.5
documentation-integration-application	2.24	1	1	14	1.64	1.2	51.04	0	7.6	7.6
dog-food-advisor	1	1	1	22.8	0	2	14.2	0	1.2	1.2
doomtrains	7.5	3	1.9	11.3	1.4	1	47.1	0	11.3	11.3
drarch	1.609756098	2	1.211382114	7.756097561	3.146341463	1.577235772	56.1300813	0.138211382	7.780487805	8.569105691
droiddraw	6.223404255	1	1	10.05319149	3.978723404	2.255319149	53.62765957	0.531914894	7.255319149	28.46808511
droidslator	7	2	1.318181818	10.72727273	1.636363636	1.363636364	61.68181818	0	10.68181818	10.68181818
drool-pool	2.4	1	1	8.96	2.04	1.12	24.2	0	4.24	4.24
drumtrainer	1	1	1	8.3	2	1.4	71.1	0	6.7	6.7
ds-jpatterns	2.6875	3	1.21875	18.96875	1.53125	1.8125	17.75	0.09375	2.6875	4.71875
dtd2xsdjava	1	1	1	8.75	1	1.5	72.5	0	18.75	18.75
dukono	2.551724138	1	1	4.810344828	1.706896552	2.448275862	29.22413793	1.086206897	4.689655172	16.03448276
earthvisualization	1.4375	1	1	8	1.71875	1.3125	45.46875	0.0625	7.1875	7.3125
easiest-cache-ever	2.5	1	1	6.714285714	3.071428571	1.071428571	53.21428571	0	6.714285714	6.714285714
easyddd	1.818181818	2	1.090909091	4.939393939	1.333333333	1.393939394	36.75757576	0.212121212	6	7.96969697
easyedt	1.421052632	2	1.052631579	21.73684211	1	1.684210526	30.52631579	0	4.052631579	4.052631579
easyetl	4.333333333	1	1	6.666666667	0.666666667	1	67.33333333	0	7.333333333	7.333333333
easyexecutor	1.1	1	1	7	1.3	1	42.7	0	6.4	6.4
easyupdater	2.363636364	1	1	9.181818182	1.818181818	1	39.90909091	0	7.636363636	7.636363636
ebookplusme	1	1	1	13.2	2.733333333	1.466666667	73.2	0.066666667	12.93333333	14.66666667
eclipse3d	1	1	1	33	0.6	1.8	51	0	3.2	3.2
eclipse-server-manager	1.808695652	1	1	19.37391304	3.330434783	1.513043478	52.45217391	0.313043478	8.634782609	13.85217391
edgefinder	3.2	1	1	12.2	0.8	1.2	40.6	0	7.4	7.4
editora-lpm	2.512195122	1	1	9.634146341	3.951219512	1.5	61.7804878	0.048780488	11.13414634	12.20731707
eglasspane	1.181818182	1	1	7.454545455	1.454545455	1.727272727	87.54545455	0	13.09090909	13.09090909
elihusmails	2.416666667	2	1.166666667	12.95833333	1.333333333	1.333333333	38.20833333	0	5.583333333	5.583333333
emf4swing	1.176470588	1	1	6.117647059	2.823529412	2.058823529	40.41176471	0.352941176	6.823529412	8.588235294
emo-framework	25	1	1	15	0	2	71	0	14.5	14.5
empeiria	1.75	1	1	3.25	0.25	1.75	39.25	0.25	7.25	8.25
ener-j	2.043422733	1	1	7.785440613	3.752873563	2.293103448	49.03320562	0.687739464	10.38186462	24.3339719
engineeringsuite	1.417910448	1	1	42.23880597	3.537313433	1.208955224	53.40298507	0.059701493	11.37313433	11.85074627
enviamos-a-toda	1.8	1	1	3	0	1	49.8	0	9.8	9.8
epilepsy-prediction	1	1	1	6.75	2.142857143	1.642857143	57.5	0.357142857	6.607142857	7.75
e-receipt	2	2	1.416666667	20.75	2.5	1.833333333	63.75	0.416666667	9.166666667	10.83333333
eshopsshsbremen	14.90322581	3	1.870967742	11.77419355	3.612903226	1.548387097	38.06451613	0.096774194	8.064516129	9.419354839
eskama	1	1	1	3	0	1	0	0	1	1
esme-java-library	1	1	1	14	0.5	1	35	0	11	11
esther	1.461538462	1	1	13.92307692	0.730769231	1.269230769	49.73076923	0	3.961538462	3.961538462
eternity2-java-helper	8.75	2	1.833333333	22.5	3.666666667	1.25	59.75	0	9.083333333	9.083333333
evolution-pinnwand	5.916666667	4	1.666666667	19.5	2.416666667	1.75	56.75	0	8.166666667	8.166666667
evolutionscm	1.485714286	1	1	8.342857143	3.342857143	1.085714286	20.25714286	0.028571429	4.371428571	4.742857143
evolveautotest	2.208333333	1	1	10.375	2.5	1.375	45.45833333	0.083333333	5.458333333	5.875
exclusao-mutua	2.875	1	1	7.25	2.875	1.5	76.625	0	19.75	19.75
exercisedrawer	1.5	1	1	8.833333333	1.333333333	1	34.5	0	11.16666667	11.16666667
exformationlib	2.304347826	1	1	6.695652174	2.608695652	2.173913043	52.60869565	0.869565217	9.130434783	17.7826087
expantion	1.018518519	1	1	8.555555556	3.12962963	1.407407407	52.77777778	0.222222222	6.944444444	9.759259259
extrajudicial	1	1	1	4.125	2.458333333	1.166666667	46.375	0.208333333	6.625	7.958333333
f3server	5.698412698	1	1	9.452380952	4.071428571	1.825396825	46.65873016	0.73015873	10.63492063	14.88888889
fa7-shoppingvirtual	2.909090909	15	1.556818182	5.931818182	2.556818182	1.295454545	48.85227273	0.125	11.875	14.40909091
fabrica-zara	1.071428571	1	1	5.119047619	1.833333333	1.523809524	60.95238095	0.476190476	6.30952381	10.11904762
faculdades	1	1	1	12.6	1.2	1.4	24.4	0.4	3	5.4
fantacalciocidefaro	2.952380952	3	1.761904762	9.571428571	2.238095238	1	40.23809524	0	10.52380952	10.52380952
fatbaldstupid	1	1	1	5.5	1	1.5	0	0	1	1
fatsatsuma-email	1.076923077	1	1	7.538461538	2	1.307692308	75.15384615	0.153846154	9.384615385	9.615384615
fbvdistribuidora	3.864864865	2	1.351351351	8.108108108	4.297297297	2	43.24324324	0.540540541	8.243243243	15.10810811
felisdesigner	6	1	1	9.833333333	2.583333333	1.416666667	64.41666667	0	12.08333333	12.08333333
fieldml-java	4.073170732	3	1.243902439	11.04878049	3.804878049	2.097560976	20.90243902	0.536585366	4.585365854	11
filmdeltaplugin	2	1	1	10.2	0.6	1.8	55.8	0.2	12.2	16.4
finance-p	1	1	1	6.2	0.8	1.4	40.9	0.1	8.1	8.4
finchleycentral	3.020100503	8	1.628140704	6.587939698	4.336683417	1.969849246	44.7839196	0.472361809	7.175879397	13.52763819
fireflyweb	1	1	1	8.285714286	1.714285714	1.714285714	21.89285714	0.321428571	3.285714286	4.392857143
fivehundred	3.425	1	1	5.1	2.85	1.525	51.15	0.35	7.175	10.6
fixparser	2.8	1	1	10.53333333	2.2	1.133333333	33.26666667	0.133333333	7.533333333	9.933333333
flagfan	3.548387097	1	1	13.32258065	3.032258065	1.096774194	45.67741935	0	6.483870968	6.483870968
flexdesigner	1.95951417	1	1	6.672064777	4.437246964	1.558704453	39.06882591	0.429149798	7.437246964	9.906882591
flingers	1	1	1	14	3	2	72	0	12	12
flowgame	5.464912281	5	1.885964912	8.114035088	2.921052632	2.184210526	45.26315789	0.535087719	6.394736842	10.86842105
floxs	1.09375	1	1	11.33125	2.49375	1.50625	45.74375	0.26875	10.675	13.73125
fltm	4.529411765	4	1.529411765	12.17647059	3.352941176	1.411764706	30.47058824	0	4.294117647	4.294117647
flughaffen	2.5	2	1.133333333	9.2	1.033333333	1.133333333	37.46666667	0.033333333	5.033333333	5.066666667
fluidity-project	1.681818182	1	1	9.045454545	2.272727273	1.477272727	58.02272727	0.363636364	6.545454545	14
flywheel	9.207920792	1	1	7.96039604	2.940594059	1.594059406	38.27722772	0.198019802	5.732673267	8.495049505
fmap	1	1	1	19.42045455	4.102272727	1.318181818	31.73863636	0	5.784090909	5.784090909
fogo	1.80952381	1	1	10.28571429	2.142857143	1.69047619	44.21428571	0.333333333	8.523809524	10.64285714
football-league-manager	1.142857143	1	1	25.14285714	2.285714286	1.285714286	20.85714286	0	6	6.571428571
football-manager	8.325	1	1	23.575	2.75	1.625	65.075	0.1	15.575	17.475
ford	2.25	4	1.4375	9.96875	3.1875	1.46875	30.1875	0.03125	4.71875	4.8125
fortune-crunch-android-tutorial	2	1	1	8	0	2	0	0	2	2
fosa	2.196078431	1	1	17.47058824	4.352941176	1.784313725	58.05882353	0.058823529	12.07843137	12.82352941
fractalizer	5.047619048	2	1.666666667	7.285714286	3.761904762	1.095238095	43.95238095	0	5.19047619	5.19047619
freeagent-java-client	1.4	1	1	4.6	2.8	1	64.8	0	6.8	6.8
fu-gameai	6.133333333	1	1	13.2	3.066666667	1.6	42.46666667	0.133333333	4.666666667	5.333333333
future118-crm	1.117021277	1	1	8.021276596	2.117021277	1.882978723	45.87234043	0.436170213	5.021276596	7.372340426
fuzzysolver	2.157894737	1	1	14.78947368	2.052631579	1.473684211	56.31578947	0.368421053	7.526315789	10.10526316
g15lastfm	1.75	1	1	9	2.15	1.55	57.95	0.35	9.05	12.7
gadjet	2.58974359	1	1	10.92307692	3.769230769	1.461538462	53.66666667	0.41025641	8.333333333	11.41025641
gateplugin-stringannotation	2.6	1	1	16.3	1.7	1.9	59.1	0.5	16.3	24.8
gchartjava	13.68275862	2	1.020689655	5.613793103	5.372413793	1.427586207	22.30344828	0.137931034	5.724137931	7.806896552
gejun-exercicios-jedi	1	1	1	21.22222222	0	1	0	0	1	1
geogia	1.806451613	1	1	8.451612903	3.887096774	1.532258065	36.03225806	0.096774194	13.38709677	15.16129032
geomatic	4.2	1	1	11.6	0.4	1.8	51.8	0.2	4.8	4.8
gfestival-localdb	1.6	1	1	9.6	3.066666667	1.777777778	46	0.311111111	5.733333333	9.777777778
ghinexplorer	1	1	1	21	11	2	90	0	9	9
ginga-pizza	2	1	1	25.33333333	1	1.333333333	16.66666667	0	3	3
gjofc	1	1	1	3.03125	0.875	2.0625	57.0625	0.9375	11	26.3125
gmftools	1.822429907	5	1.205607477	9.822429907	2.196261682	1.841121495	33.8411215	0.252336449	6.700934579	8.76635514
goodev-demo-code	1	1	1	10.25	1.5	1.875	22.875	0	2.875	2.875
good-to-go	3.518518519	2	1.296296296	9.111111111	2.148148148	1.666666667	27.07407407	0	3.555555556	3.740740741
google-ai-ants-wsf	2.353846154	1	1	7.430769231	2.938461538	1.630769231	51.41538462	0.353846154	13.76923077	22.36923077
google-charts-in-java	1	1	1	9	1.5	1.25	63	0.25	8.25	12.75
google-diff-match-patch	24	1	1	30	4.5	1.5	71	0	38	38
google-gin	4.004132231	8	1.632231405	6.326446281	5.933884298	1.578512397	22.09090909	0.714876033	5.466942149	7.169421488
googleinvestigacion	1.666666667	2	1.333333333	11.66666667	0.666666667	1.666666667	25	0	3	3
gpen	2	1	1	9	1	1	40.5	0	4.5	4.5
gphfa	4.5	1	1	20	0.5	1	0	0	6	6
granizo	1.6	1	1	5	1.4	2.2	14.2	0.4	2.8	4
gridfacade	1.529411765	1	1	8.823529412	1.705882353	1.588235294	28.64705882	0.588235294	4.882352941	8.058823529
growlbuildlistener	4	1	1	7	0	1.5	78.5	0	7.5	7.5
gshoutbox	1.5	1	1	8	0	1.5	0	0	1.5	1.5
gsoc08-onto-swarm	1.299212598	2	1	12.14173228	2.31496063	2.118110236	48.29133858	0.401574803	9.322834646	39.26771654
gtalkbotplus	2	1	1	10.5	1	1.833333333	32.33333333	0.333333333	2.75	3.166666667
guice-autoreg	1.785714286	2	1.285714286	4.571428571	1.857142857	1.285714286	27	0.571428571	4.5	4.642857143
guice-demo	1	1	1	5.846153846	2.615384615	1.307692308	15.53846154	0	3	3.153846154
gunncs	1.195439739	3	1.03257329	6.648208469	2.524429967	1.426710098	48.02931596	0.250814332	7.332247557	10.58957655
gwtai	3.04	2	1.04	27.24	2	1.6	43.04	0	4.72	4.72
gwt-comet	6.081632653	1	1	11.59183673	2.612244898	2.265306122	42.28571429	0.612244898	6.979591837	20.65306122
gwt-freezedry	1.272727273	1	1	12.45454545	1	1.181818182	48.45454545	0	5.363636364	5.363636364
gwtgl	3.8	2	1.6	7	4.552941176	2.352941176	48.92941176	0.4	9.470588235	13.95294118
gwt-jaxrs-proxy	1.444444444	1	1	12.5	2.611111111	1.333333333	31.72222222	0.055555556	10.05555556	10.27777778
gwt-mapquest	1.05	1	1	2.4	0.9	2.65	4.3	0.6	2.5	4.85
gwt-masterview	1	1	1	8.909090909	2.227272727	1.363636364	33.54545455	0.045454545	7.454545455	7.5
gwtrpc4j	2.347826087	1	1	9.913043478	1.869565217	1.52173913	53.13043478	0.043478261	6.826086957	8.217391304
gwt-simple-persistence	2.222222222	1	1	12.77777778	1.222222222	1.444444444	27.11111111	0	3.111111111	3.111111111
gwt-test-util-eclipse-plugin	1.05	2	1	7.9	2.45	1.3	50.15	0	6.6	6.6
gwtyahtzee	1	1	1	39	2	1.6	31.6	0	4.4	4.4
hal4java	1	1	1	9.388429752	3.991735537	1.611570248	37.4214876	0.58677686	6.727272727	10.54545455
han2pinyin	1.222222222	2	1.222222222	8.555555556	1.111111111	1	30.66666667	0	5.111111111	5.111111111
happy-growing	1.039823009	1	1	8.876106195	4.132743363	1.716814159	58.33185841	0.553097345	12.72566372	25.56637168
headquarter	1.571428571	1	1	6.80952381	2.571428571	1.476190476	37.95238095	0.333333333	3.80952381	5.571428571
hegemonycompiler	1.642857143	2	1.214285714	37.35714286	2.357142857	1.357142857	31	0	4.214285714	4.214285714
helloosgi	1	1	1	5.666666667	0.666666667	1	0	0	1.5	1.5
hello-spring-25	1.6	1	1	8.7	2.1	1	37.8	0	4.3	4.3
hermes-framework	1	1	1	2	0	1	0	0	1	1
heuristica	2.91521197	1	1	28.27680798	5.06234414	1.845386534	29.57356608	0.568578554	4.047381546	11.15461347
hibou	5.390243902	4	1.902439024	7.504065041	1.430894309	1.674796748	51.1300813	0.097560976	10.8699187	11.08943089
hkkitri52jmk	1	1	1	39	0	1	0	0	1	1
hl7-java-tools	5.702702703	2	1.027027027	8.702702703	3.216216216	1.297297297	70.10810811	0.297297297	16	18.67567568
hobbylinkchecker	1.159763314	1	1	9.337278107	1.893491124	1.834319527	48.58579882	0.437869822	8.49704142	17.01775148
hoipolloi	2.719298246	3	1.175438596	13.15789474	2.614035088	1.526315789	54.94736842	0.035087719	9.333333333	9.561403509
hoja-de-trabajo-5	1.333333333	1	1	9.666666667	1	1.333333333	50.83333333	0.333333333	6.5	7.5
hotairballoon	2.3125	1	1	15.5	2.5	1.5625	45.1875	0.3125	6.3125	9.375
house-of-pets	1.707317073	4	1.097560976	9.780487805	0.902439024	1.365853659	50.19512195	0	6.902439024	7.097560976
hsvin	11.85	1	1	15.55	1.2	1.15	58.65	0	6.35	6.35
httrack2arc	1	1	1	12.22222222	1.444444444	1.111111111	55.55555556	0	7	7
hwchecker	2.454545455	2	1.272727273	9.636363636	2.727272727	1.545454545	46	0.181818182	4.272727273	5.181818182
hypeerweb	3.45	5	2.0625	12.6625	3.325	1.5875	37.8625	0.325	7.0625	8.6625
hyperspin-content-manager	3	1	1	10.44776119	3.402985075	1.71641791	55.8358209	0.208955224	4.611940299	5.895522388
hzimgserver	1	1	1	10.66666667	0.666666667	1.666666667	0	0	1.666666667	1.666666667
ibatis-lab	1	1	1	3.75	1.333333333	1.166666667	38.83333333	0.416666667	7.75	9.083333333
ibee-project	2.191489362	5	1.446808511	7.939716312	4.769503546	1.482269504	67.87943262	0.003546099	14.62765957	14.66312057
iblish	1	1	1	16.66666667	0.666666667	2.166666667	44.33333333	0.166666667	3	3.5
ice-engine	1	1	1	9.227272727	1.909090909	1	40.18181818	0	6	6
ichef	11.875	5	3.875	15.58333333	3.541666667	1.5	23.70833333	0.666666667	5.125	10.45833333
idea-spellchecker	4.076923077	2	1.5	5.5	2.346153846	1.538461538	32.30769231	0.192307692	5.807692308	7.192307692
igloosudokusolver	1	1	1	8.5	1.5	1.333333333	68.16666667	0.333333333	13	17.33333333
i-gnoramus	1.583333333	1	1	8.773809524	2.345238095	1.702380952	30.23809524	0.202380952	4.107142857	5.738095238
igr2008	1.714285714	1	1	7.714285714	0.714285714	1.285714286	42.85714286	0.285714286	7.142857143	7.714285714
ik-analyzer	9.5	2	1	20.25	2.208333333	1.416666667	45.5	0	7.416666667	7.416666667
i-movie	1.382716049	1	1	10.81481481	2.259259259	1.345679012	47.13580247	0	6.938271605	6.938271605
infirmarium	2.327586207	7	1.413793103	5.448275862	2.051724138	2.017241379	46.63793103	0.482758621	3.517241379	8.344827586
ingresso-na-pos	5.973913043	14	3.173913043	9.713043478	4.408695652	2.07826087	45.73913043	0.443478261	7.756521739	11.1826087
inkanno	3	1	1	11.4375	8.1875	2.6125	48.4	0.2375	8.1625	19.3625
instantiations	1	1	1	6	1.333333333	1.666666667	51.33333333	0	5	5
intellbatt	2.3	1	1	14.7	3.7	1.7	68.9	0	11.5	11.5
interlocutoire	1.538461538	1	1	8.269230769	2.5	1.769230769	44.84615385	0.307692308	8.884615385	10.42307692
ipcards	20.15625	5	2.90625	13.65625	5.6875	1.46875	60.6875	0.21875	10.625	11.28125
iprj4-blackjack	9.8	4	2.25	11.8	1.9	1.65	32.35	0.1	5.7	6.8
ires2009hardware	1.363636364	1	1	22.63636364	1.272727273	1.636363636	46	0	7.363636364	7.363636364
irssi-game-scripts	1	1	1	11.14285714	1.714285714	1.571428571	74.71428571	0	11.85714286	11.85714286
ismbot	1.928571429	1	1	7.928571429	2	1.357142857	31	0.214285714	4.5	4.928571429
iso-3	4.176470588	2	1.294117647	14.58823529	2.941176471	1.411764706	52.11764706	0	12.05882353	12.05882353
israfil-micro	1.638888889	1	1	5	2.666666667	1.416666667	32.61111111	1.083333333	5.972222222	8.194444444
itmo-kis	2.25	1	1	5.25	1.5	1	48.375	0	4.75	4.75
itunesu-api-java	3.882352941	1	1	11.05882353	3.529411765	1.647058824	68.05882353	0.529411765	19.58823529	20.64705882
iueiblog	1.714285714	1	1	4.642857143	0.857142857	1.285714286	60.64285714	0	9.857142857	9.857142857
ivy-facade	3.827586207	1	1	9.965517241	2.793103448	1.034482759	47.5862069	0	5.517241379	5.517241379
iwebapp	1.558823529	1	1	13	2.794117647	1.588235294	49.11764706	1.382352941	6.647058824	20.05882353
izhenhua	2.684210526	2	1.015037594	5.736842105	2.902255639	2.977443609	44.21052632	0.706766917	8.022556391	13.82706767
jacrim	2.785714286	1	1	7.875	5.7	2.346428571	52.37142857	0.442857143	9.9	17.475
jacuzzi	2.909090909	3	1.090909091	7.272727273	2.409090909	1.454545455	38.27272727	0.409090909	9.272727273	17.40909091
jade-stone-suite	1.913043478	3	1.195652174	5.652173913	1.358695652	1.641304348	7.576086957	0.163043478	4.054347826	12.18478261
jakubiak-generators	1.571428571	1	1	6	1.285714286	1.285714286	22.85714286	0	2	2
jalbum-imagefilters	1.466666667	2	1.177777778	8.555555556	1.844444444	2.955555556	78.84444444	0.844444444	16.75555556	53
jalbum-jtextpad	3.454545455	2	1.181818182	10.90909091	1.636363636	1.636363636	59.63636364	0	12.27272727	12.27272727
jardinadmin	2.388888889	1	1	5.5	1.888888889	1.388888889	69.66666667	0.222222222	10.72222222	11.94444444
jaterm	1.058823529	1	1	14.33823529	1.75	1.485294118	48.85294118	0.558823529	7.558823529	10.48529412
jate-yate	1	1	1	18.33333333	1	1	55.33333333	0	10	10
jaudit	3.192982456	3	1.561403509	7.561403509	3.01754386	1.719298246	51.21052632	0.49122807	7.421052632	11.78947368
java2rsf	1	1	1	12.375	1.5	1.625	41.875	0	12.375	12.375
java-anything	5.71641791	2	1	8.171641791	3.514925373	1.932835821	35.26119403	0.985074627	8.582089552	19.79850746
java-asn1-goose-hxzon	2.855457227	2	1.08259587	9.474926254	4.064896755	2.961651917	23.89380531	1.017699115	4.256637168	35.51032448
javabi-dependency	1.25	1	1	6.25	2.25	1.25	44.5	0.25	10.25	12.75
javabomber	5	1	1	77	1.857142857	1.142857143	48.71428571	0	15.71428571	15.71428571
java-byte-code-example	1.571428571	1	1	8	1.142857143	1.285714286	0	0	1.714285714	1.714285714
javacalculus	4.365853659	2	1.146341463	11.19512195	5.902439024	1.512195122	43.95121951	0.365853659	9.975609756	12.75609756
javacodeshare	1	1	1	37	0	1	0	0	1	1
javacommand	2.8	1	1	9	2.4	1.2	37.4	0.2	3.6	5
java-content-management-console	1	1	1	11.73809524	2.642857143	1.666666667	56.0952381	0.047619048	5.595238095	6.30952381
java-csv-persistence-engine	1.055555556	1	1	5.111111111	0.833333333	1.055555556	25.16666667	0.055555556	4.166666667	4.277777778
java-daogenerico-uff-2009-2	1.378378378	2	1.162162162	48.24324324	3.594594595	1.297297297	33.45945946	0.216216216	5.243243243	7.621621622
javafaces	1.333333333	1	1	6.933333333	0.933333333	1.466666667	31.06666667	0	8.666666667	8.666666667
java-fishing	1	1	1	7.125	2.875	1.5	64.375	0.375	4.875	6.375
javagraphpackage	1.25	1	1	8.75	0.5	1.5	63.5	0.5	8.75	14.25
javaimagecreator	5.4	1	1	7.6	0.8	1.4	28.6	0.4	4	6.4
java-imageseams	1	1	1	18.83333333	1.166666667	1.5	40	0	6.666666667	6.666666667
java-libcdrip	1	1	1	8	1	1.5	100	0	11	11
javamd5cracker	2.5	2	1.5	11.5	1	1	44	0	9	9
javaperlscripting	1	1	1	28.83333333	1	1.166666667	29	0	4.666666667	4.666666667
java-remote-control	1.777777778	1	1	8.333333333	1	1.333333333	35.88888889	0	3.111111111	3.111111111
javashellscript	2.307692308	2	1.076923077	23.61538462	0.794871795	1.230769231	25.43589744	0.025641026	4.307692308	4.307692308
java-simple-utils	1.714285714	1	1	6.438095238	3.838095238	1.371428571	28.4	0.2	6.485714286	8.628571429
java-speed-o-meter	1.166666667	1	1	19.5	1	1	49	0	2.5	2.5
javauebungenfhfrankfurt	1.846153846	1	1	7.153846154	0.692307692	1	35.84615385	0	7	7
java-viddler-api-client	1.285714286	1	1	3.214285714	1.25	1.25	70.21428571	0.071428571	9.678571429	9.75
javawebtop	1.166666667	1	1	6.333333333	1.166666667	1.25	33.33333333	0	5.166666667	5.166666667
java-wikipedia-parser	1.4	1	1	9.525	2.75	1.5	25.2	0.275	10.25	11.7
javersion	3.454545455	1	1	9.272727273	3.909090909	1.090909091	42.54545455	0	4.636363636	4.636363636
javver	1.5	2	1.125	6.25	0.875	1.625	46.875	0	1.625	1.625
jbootcat	1.038461538	2	1.038461538	14.65384615	1.230769231	1.5	51.26923077	0.230769231	5.692307692	7.384615385
jboss-ip-filter	1.857142857	1	1	14.28571429	1.285714286	1.571428571	32.28571429	0.142857143	4	4.571428571
jbreakthrough	5.6	1	1	17.8	2.4	1.1	54.7	0	8.1	8.1
jcaster	2.95	1	1	16.45	1.55	1.45	55.65	0	7	7
jcatering	2.238095238	1	1	10.04761905	0.523809524	1.428571429	57.19047619	0	11.38095238	11.38095238
jchav	6.606060606	3	2	13.6969697	2.333333333	1.121212121	33.09090909	0.03030303	4.606060606	4.96969697
jcrasher	3.967391304	1	1	10.98913043	4	1.956521739	30.23913043	0.347826087	4.989130435	6.641304348
jc-tree	5.375	1	1	6.25	1.375	1.625	52.375	0.375	25.5	42.875
jd3-tagger	12.90909091	2	1.454545455	18.72727273	2	1.272727273	27.90909091	0	5.090909091	5.090909091
jdbclib	1	1	1	12.05	2.55	1.2	48.4	0.15	10.25	11.5
jdc-client	1.12962963	1	1	10.41358025	2.679012346	1.734567901	52.04938272	0.141975309	8.320987654	9.351851852
jdi-cpu-profiler	1.2	1	1	13.2	0.4	1	32	0	4.2	4.2
jebliki	2.666666667	1	1	6.592592593	3.111111111	1.740740741	53.88888889	0.222222222	5.666666667	7.333333333
jee-cluster-tools	1	1	1	11.33333333	1.333333333	1.333333333	52.33333333	0	4.666666667	4.666666667
jesldatabaseinterface	2.714285714	1	1	4.428571429	1.142857143	1	82.28571429	0	23.14285714	23.14285714
jfiltproxy	2.8	1	1	19.3	1.3	1.2	29.1	0	3.3	3.3
jfinancecontrol	1	1	1	8.444444444	0.111111111	1.888888889	80.88888889	0	10.66666667	10.66666667
jfreeciv	5.861111111	1	1	27.34722222	6.527777778	1.027777778	48.65277778	0	5.777777778	5.777777778
jfundamentals	1.155737705	1	1	13.24590164	0.385245902	1.073770492	7.913934426	0.016393443	1.93852459	1.983606557
jgcloud	3.178571429	1	1	9.392857143	1.178571429	1.607142857	62.42857143	0	7.464285714	7.464285714
jghost-portable	2	1	1	17.28	2.44	1.48	47.52	0.2	6.44	8.68
jhpserver	4.92	2	1.68	7.68	2.44	1.36	52.12	0.1	5.88	7.06
jillow	1.179487179	1	1	6.974358974	1.897435897	2.102564103	47.02564103	0.230769231	8.538461538	17.35897436
jin-template	1	1	1	6.4	1.4	1	16.2	0	4.2	4.2
jip-osgi	1	1	1	11.26987952	2.954216867	1.686746988	49.12289157	0.36626506	8.091566265	14.84096386
jlmtools	4.296296296	5	1.351851852	11.35185185	2.777777778	1.388888889	59.37037037	0.388888889	7.407407407	9.074074074
j-mas	1.615384615	3	1.384615385	9.153846154	1.307692308	1	38.46153846	0	7	7
jme-demos	3.258064516	4	1.096774194	13.20430108	2.172043011	1.655913978	48.60215054	0.150537634	5.268817204	7.010752688
jmseq	1.263157895	1	1	8.947368421	3.210526316	1.184210526	23.76315789	0.157894737	4.447368421	5.473684211
jnardi	1.714285714	2	1.142857143	8.142857143	2	1	35.14285714	0	2.142857143	2.142857143
jnfoviewer	1.5	1	1	6	0	1.5	0	0	1	1
jnmp2p	2.857142857	1	1	7.142857143	2	1	52.28571429	0	6	6
jobject-life	1.285714286	1	1	11.71428571	2.857142857	1.142857143	19	0	3.428571429	3.428571429
jobsfespsixthperiod	1.137931034	1	1	14.06896552	0.655172414	1	10.31034483	0	2.379310345	2.379310345
j-ocr	2.2	1	1	33.4	1.8	1.2	56.8	0	5.4	5.4
joe-e	3.375	6	1.238636364	12.32386364	1.264204545	1.414772727	21.09375	0.298295455	2.619318182	4.247159091
jogodoscreditos	1.125	1	1	19.375	1.375	1.125	33.25	0	6	6
jomnilink	1.962962963	2	1.314814815	5.555555556	2.907407407	1.703703704	35.80555556	0.518518519	7.175925926	11.48148148
jopenid	3.5	2	1.2	10.8	2.1	1.2	61.4	0	10.2	10.2
j-oto	1.813953488	2	1.139534884	9.441860465	2.23255814	1.046511628	27.81395349	0	5.139534884	5.139534884
joverseer	4.041731066	2	1.01236476	11.30293663	5.505409583	1.901081917	44.63523957	0.43431221	7.208655332	16.14992272
jprefctl	4.4	1	1	21.2	1.6	1.2	26	0	4.6	4.6
j-proxy	1.173913043	1	1	6.173913043	1.739130435	1.52173913	50.04347826	0.217391304	5.086956522	5.608695652
jradiusserver	1	1	1	8.075471698	2.443396226	1.349056604	45.09433962	0.254716981	6.981132075	9.150943396
jrduncans	3.363636364	1	1	11.18181818	1.181818182	1.090909091	21.09090909	0	4.818181818	4.818181818
jresourcesmanager	2.213333333	1	1	7.866666667	3.013333333	1.28	19.48	0.32	3.066666667	3.506666667
jrw-openscore	2.2	1	1	8.08	1.36	1.32	50.8	0	5.4	5.4
jscriptreader	3.5625	1	1	11.9375	1.75	1.5	49.625	0	4.875	4.875
jsf-component	2	1	1	16.75	0.5	1.25	42.25	0	6.5	6.5
jsmin-ant-task	1	1	1	17	2	1.5	73	0	10	10
jsmpp	5.568527919	3	1.258883249	8.050761421	4.939086294	1.553299492	47.67005076	0.340101523	7.644670051	12.17258883
jsmut	3.5	1	1	6.083333333	3.166666667	1.416666667	24.83333333	0.333333333	4.833333333	6.5
json-jee	1.333333333	1	1	11.66666667	0.333333333	1	47	0	6.666666667	6.666666667
jspcommerce	1	1	1	7.769230769	1.153846154	1.307692308	33.07692308	0	8.230769231	8.230769231
jsquant	1.833333333	1	1	10.83333333	1.666666667	1.333333333	52.16666667	0	4	4
jtextpad	4.5	1	1	11	0.5	1.5	39.5	0	4.5	4.5
jturingmachinele	6	2	1.473684211	9.421052632	1.789473684	2.052631579	66	0.421052632	8.736842105	15.21052632
jug-joglosemar	1	1	1	12.75	1.25	1.25	27.25	0	8.25	8.25
julio-sistemas-mod4	1.592592593	1	1	11.51851852	1.518518519	1.37037037	55	0.074074074	6.407407407	7.259259259
jumpto	1.222222222	1	1	11.77777778	1.333333333	1.444444444	50.88888889	0	10.77777778	10.77777778
jupiter-eclipse-plugin	1.1484375	2	1	10.8515625	5.46875	1.3984375	51.703125	0.0859375	7.203125	7.796875
justlet	2.226277372	2	1	10.74817518	3.069343066	1.408759124	54.25182482	0.124087591	8.897810219	10.94890511
jutility	1.111111111	1	1	9.222222222	1.444444444	1.333333333	31.55555556	0.222222222	4.833333333	5.333333333
jwatcher	2	1	1	4.666666667	1	1.333333333	0	0	4	4
jwiktionarytranslationparser	1.875	1	1	15.25	3	1.125	52.125	0	10.25	10.25
jybookshop	2.25	1	1	6.5	1.25	1.25	62.75	0	6.75	6.75
kantinesimulatie2010	3.25	1	1	14.60714286	1.642857143	1.285714286	38.71428571	0.178571429	5.321428571	7.821428571
kazao-calendar	1.185185185	1	1	10.96296296	1.555555556	1.925925926	39.44444444	0.444444444	9.222222222	16.96296296
kaze-prj	2	1	1	10.8	0	2	43.2	0	4.2	4.2
khlexplorer	3.444444444	1	1	10.47222222	2.472222222	1.986111111	75.31944444	0.166666667	8.458333333	10.84722222
kidalarichfaces	1	1	1	5.5	0.5	1	54	0	5.5	5.5
kidfits	1	1	1	14.75	1	1.75	25	0	3	3
killerbox	3.956521739	4	1.217391304	14.93478261	2.456521739	2	51.30434783	0.413043478	6.760869565	8.652173913
killertracking	1.714285714	1	1	6.857142857	1	1.142857143	32.85714286	0	4.428571429	4.428571429
kimnetdemos	1.137254902	1	1	14.31372549	2.549019608	1.215686275	63.80392157	0	12.70588235	12.70588235
kino-rezerwator-sal	3.347826087	4	2.260869565	6.304347826	3.173913043	1.173913043	49.65217391	0	6.043478261	6.217391304
kol-kingdom-of-llenoquelle	1.644444444	1	1	6.155555556	2.577777778	1.511111111	38.42222222	0.355555556	9.866666667	17
koltello	2.555555556	1	1	10.44444444	1.444444444	2.222222222	52.44444444	0.444444444	5.222222222	6.222222222
koprina	2.685483871	2	1.717741935	60.09677419	4.661290323	1.088709677	14.80645161	0.016129032	3.185483871	3.427419355
koziolekprojectpack	1.609467456	1	1	10.78698225	0.893491124	1.325443787	38.18934911	0.071005917	3.449704142	3.804733728
kshos	9.407407407	3	2.111111111	11.55555556	3.925925926	2.074074074	42.25925926	0.444444444	7.851851852	19.25925926
kvstore	2.542857143	1	1	7.771428571	2.228571429	1.885714286	38.22857143	0.428571429	5.628571429	8.885714286
kylm4j	1.314285714	1	1	17.74285714	3.342857143	1.485714286	44.4	0.4	8.314285714	15.02857143
laboratoriosebas	2	1	1	14.57142857	1.285714286	1.714285714	69.57142857	0	20.42857143	20.42857143
lab-proyecto-1	2.2	2	1.6	8.8	1	1.4	42.2	0.4	6.4	9.2
lambdacore	2.023255814	1	1	4	1.627906977	1.488372093	24.04651163	0.302325581	6.488372093	11.34883721
lang4j	4.4	1	1	6.3	6.925	1.15	67.125	0	15.1	15.125
lazyoverflow	1.363636364	1	1	3.5	1.5	1.772727273	50.27272727	0.681818182	9.181818182	16.09090909
lcpd-scope	3.909090909	3	1.454545455	13.54545455	3.272727273	1.363636364	56	0.090909091	8.545454545	9.090909091
learningproject	1.258333333	1	1	11.03333333	1.625	1.408333333	55.43333333	0.1	8.925	9.566666667
learnstruts2	1.25	1	1	6.75	0.5	1.75	49.25	0	5.75	5.75
legointernational	3.015873016	4	1.253968254	19.6984127	1.380952381	1.26984127	40.33333333	0.095238095	3.777777778	4.857142857
lesscss4j	11	1	1	6.444444444	1	1.444444444	35.33333333	0.444444444	11	12.33333333
libamico	3	2	1.5	3.5	0	1	0	0	4.5	4.5
librank	1.428571429	1	1	10.42857143	0.571428571	1	44.28571429	0	4.285714286	4.285714286
librarylgmtsystem	3.597222222	3	1	13	3.541666667	1.347222222	69.11111111	0	13.90277778	13.90277778
life	1	1	1	3.733333333	1.466666667	1	36.46666667	0	7.466666667	7.466666667
linkchecker	4.6	1	1	11.4	1.4	1	40.8	0	7.8	7.8
liverecordingreview	4	1	1	6	1.571428571	1.357142857	36.07142857	0	6.285714286	6.285714286
livingparticles	3.5	2	1.5	11	1.5	1	22.75	0	5	5
lobbytalk	2.153846154	1	1	8.5	3.461538462	1.192307692	52.03846154	0	6.346153846	6.346153846
loc-counter	1	1	1	7.5	1.166666667	1.333333333	52	0	4	4
locksmith	4.307692308	1	1	11.15384615	2.230769231	1.615384615	33.61538462	0	6.615384615	6.615384615
locweb	2	1	1	3.25	1.125	1	24.875	0.125	3.75	3.75
logfacade	1.6	1	1	18.2	1.6	1	32	0	8.2	8.2
logging4eclipse	1.514285714	1	1	7	2.2	1.4	45.62857143	0.285714286	5	5.4
logictable	3.772727273	5	2.409090909	15.77272727	1.590909091	1.227272727	37.77272727	0	6.136363636	6.136363636
looker	1.294117647	1	1	8.882352941	3.470588235	1.254901961	48.41176471	0.215686275	5.921568627	7.019607843
lorent-fonfrede	3.117647059	1	1	9.852941176	2.205882353	1.382352941	60.01470588	0.058823529	3.323529412	3.588235294
lottipostel	4.607142857	1	1	17.75	1.892857143	1.714285714	35.21428571	0.321428571	6.571428571	10.5
lucenesir	1.044354839	1	1	9.939516129	3.842741935	1.641129032	44.4233871	0.608870968	9.391129032	14.85080645
mad4jtoys	1.953488372	1	1	14.1627907	1.790697674	1.523255814	46.51162791	0.174418605	9.313953488	10.02325581
magicw-apps	6.866666667	1	1	11.06666667	6.266666667	1.733333333	65.8	0.2	12.13333333	12.73333333
mamaoinformatica	3.95	4	2.05	19.075	1.975	1	18.15	0	6.8	6.8
mampbatalhanaval	8.846153846	5	2.461538462	18.38461538	2.461538462	1.692307692	54.84615385	0	8.615384615	8.615384615
mangastream-android	1	1	1	16.30769231	3.230769231	1.923076923	68.23076923	0	7.307692308	7.307692308
mapbrew	2.143589744	1	1	6.661538462	3.415384615	2.102564103	45.18974359	0.492307692	6.779487179	14.44615385
marioai	12.79699248	5	1.62406015	17.76691729	4.15037594	1.421052632	51.33834586	0.285714286	8.947368421	13.2556391
maven-settings-editor	1.5625	1	1	10.375	3.354166667	1.5625	65.27083333	0.104166667	8.729166667	9.729166667
maven-svn-reporter	2.181818182	1	1	7.909090909	1.363636364	1.090909091	46.45454545	0	6.727272727	6.727272727
stripes-birt-webreport	3.2	1	1	7.8	0.6	1	36.6	0	4.8	4.8
struts2-interceptors	1.75	1	1	9.25	0	1.25	82.25	0	7	7
struts2kata	1.660377358	1	1	11.28301887	1.509433962	1.377358491	28.75471698	0.075471698	5.811320755	6.716981132
struts-2-tutorial	1	1	1	3.666666667	0.333333333	1.666666667	22	0	4.333333333	4.333333333
summerschool-rdz	1.0625	1	1	12.34375	2.625	1.34375	41.53125	0.1875	4.8125	6.125
superascio	1.489361702	2	1.170212766	10.59574468	1.617021277	2.29787234	59.34042553	0.382978723	6.191489362	12.80851064
super-memo--convertor	2.125	1	1	11	1	1.5	44	0	6.625	6.625
super-simple-xml	2	1	1	66	3.5	1	81	0	17.5	17.5
surfacelib	1.916666667	1	1	7.333333333	2.416666667	1.972222222	45.22222222	0.972222222	8.388888889	61.66666667
swoop	1.211221122	2	1.056105611	17.67326733	3.336633663	1.567656766	51.10231023	0.161716172	13.47524752	14.97689769
sysc2101-softwareproject	10.21428571	3	2.214285714	19.42857143	4.357142857	1.964285714	47.96428571	0.214285714	5.821428571	10.03571429
syszonavibe	1.529411765	1	1	12.41176471	1.470588235	1	54.94117647	0	11.11764706	11.11764706
sztakipedia-parser	2.69047619	3	1.642857143	6.023809524	3.857142857	1.595238095	51.85714286	0.547619048	15.23809524	28.14285714
takila	1	1	1	3	0	1	0	0	1	1
talentcalc	1.5	1	1	13.875	1.5	1.875	60.875	0	10.125	10.125
taobaocaipiao	3.536585366	1	1	15.17073171	1.609756098	1.390243902	49.04878049	0.097560976	11.09756098	13.87804878
tardytron	1	1	1	8.866666667	1.466666667	1.466666667	33.73333333	0.066666667	5.066666667	5.333333333
tarlog-plugins	3.923076923	1	1	6.461538462	1.153846154	1.769230769	33.76923077	0.230769231	4.384615385	6
task2dolist	2.5	1	1	29	0	1.5	0	0	1	1
tcases	4.573170732	1	1	10.63414634	4.304878049	1.341463415	49	0.207317073	10.67073171	12.7195122
tdp	1.543478261	2	1	7.195652174	3.869565217	1.717391304	46.77173913	0.380434783	8.086956522	14.19565217
team-3-project	1	1	1	6.15	2.866666667	1.066666667	28.93333333	0.066666667	11.06666667	13.13333333
tears	1.228915663	1	1	8.076305221	5.176706827	2.168674699	59.04016064	0.289156627	12.27710843	15.13654618
temporis	1.014492754	1	1	5.188405797	1.347826087	2.101449275	23.4057971	0.52173913	4.144927536	7.913043478
terceiraguerra	1	1	1	12.08333333	1.75	1.583333333	50.58333333	0	5.25	5.25
tesisrrhh	3.493902439	2	1.432926829	15.27439024	2.969512195	1.43902439	58.26219512	0.152439024	8.719512195	10.18292683
testchord	1.588235294	1	1	6.529411765	2.294117647	1.352941176	18.35294118	0.294117647	6.294117647	8.647058824
testtestjava	10	1	1	17	0	1	0	0	1	1
tetris-mina	1	1	1	6	2.216216216	1.513513514	46.08108108	0.297297297	5.621621622	7.108108108
textracer	2	2	1	8	0	2	80	0	10	10
text-transformer	1	1	1	6.75	1.4375	1.5	16.9375	0.125	2.8125	3.1875
theopenpam	1.481481481	1	1	8.555555556	1.777777778	1.333333333	35.03703704	0.111111111	6.444444444	8.851851852
theprophecy	6	2	1.084745763	14.44067797	4.305084746	1.423728814	39.08474576	0.220338983	6.881355932	8.915254237
therefromhere	1	1	1	19.36363636	1.181818182	1.181818182	51.54545455	0	5.090909091	5.090909091
thewaybetter	1.727272727	2	1	5.636363636	0.818181818	1.363636364	48.36363636	0.090909091	5	5.545454545
thick4	1.80952381	1	1	8.428571429	1.357142857	1.547619048	27.97619048	0.047619048	3.333333333	3.452380952
tikal-and-chaos-game	2.583333333	1	1	6.916666667	2.75	1.083333333	56.08333333	0	9.5	9.5
timestable	3.181818182	1	1	20.90909091	1.272727273	1.636363636	37.27272727	0.363636364	3.545454545	3.909090909
timetool	3.25	1	1	12.46153846	2.75	1.403846154	42.96153846	0	6.423076923	6.423076923
tinisat-j	1.2	1	1	17.4	1.6	1.2	60	0.2	7.2	10.6
tin-project	2	2	1.078125	8.890625	2.359375	2.21875	32.734375	0.96875	4.609375	10.453125
tivostream	5.357142857	1	1	16.64285714	2.714285714	1.642857143	50.85714286	0.142857143	8.357142857	8.785714286
tock	2	1	1	9.384615385	2.461538462	1.230769231	72.23076923	0	14.76923077	14.76923077
tomgibara	3.459302326	1	1	11.15697674	3.962209302	1.683139535	38.84883721	0.912790698	9.046511628	14.03488372
tomhoornaert	1.456	2	1.016	6.296	2	1.208	43.432	0.104	5.72	6.328
toolkits	1.117647059	1	1	28.70588235	2.235294118	1.294117647	61.64705882	0	7.941176471	7.941176471
tootmidiseq	1.025974026	1	1	6.87012987	3.519480519	2.064935065	38.36363636	0.376623377	8.350649351	18.03896104
toth	4.862068966	3	1.620689655	19.5862069	2.103448276	1.689655172	59.48275862	0.103448276	10.37931034	10.68965517
tourismexml	2.166666667	2	1	15.5	1	1.333333333	36.16666667	0	3.333333333	3.333333333
tpso	1	1	1	8	1.153846154	1.461538462	13.30769231	0	2.307692308	2.307692308
trabajoisg2	1.090909091	1	1	2.727272727	1.090909091	1.181818182	38.63636364	0.181818182	11.09090909	11.45454545
transdroid-desktop	1.541666667	1	1	7.583333333	1.708333333	1.458333333	63.58333333	0.208333333	13.58333333	13.75
travelmanager-project	4.241666667	3	1.116666667	7.925	4.441666667	2.091666667	43.40833333	0.6	8.083333333	15.23333333
travlib	2.470588235	1	1	6.117647059	2.764705882	1.823529412	25.11764706	0.470588235	5.764705882	9.058823529
tredtris	4.8	1	1	7.5	2.45	1.95	51.775	0.425	8.725	19.35
treed	1	1	1	9.661904762	2.414285714	1.876190476	60.25714286	0.442857143	12.32857143	18.59047619
trek-mapper	1	1	1	9.25	1.25	1.25	52.25	0	2.5	2.5
trentobus-schedule-converter	1	1	1	6	1.928571429	1.428571429	34	0.285714286	7.714285714	11.35714286
tron-ai-challenge	5.555555556	1	1	20.44444444	2.333333333	1.333333333	48.22222222	0.111111111	6.222222222	7.666666667
trull	4.863309353	5	1.071942446	8.165467626	2.942446043	3.237410072	38.32374101	0.884892086	5.661870504	25.71223022
ts3querylib4j	3.323529412	2	1.970588235	5.794117647	1.941176471	1.911764706	45	0.764705882	7.176470588	9.411764706
tsb-trabajos-practicos	4.069767442	5	1.395348837	8.651162791	1.279069767	1.511627907	42.25581395	0.186046512	6.953488372	8.930232558
tsukikage	1.2	1	1	14.7	0.9	1.3	61	0	7.9	7.9
turtle3d	3.17721519	1	1	16.01265823	2.430379747	1.632911392	32.37974684	0.493670886	5.075949367	9.17721519
tweetphoto-api-java-blackberry	1	1	1	51.59375	1.9375	1.03125	10.96875	0	2.75	2.75
twitter4spark	1.555555556	1	1	7.777777778	1.444444444	1.444444444	65.55555556	0	8.777777778	8.777777778
uabcl	2.682142857	1	1	10.47857143	7.007142857	3.821428571	63.97857143	3.517857143	12.125	207.6464286
u-apo1	1.363636364	1	1	19.36363636	1.727272727	1.727272727	31.63636364	0	7.818181818	7.818181818
ubc-cpsc410-group-cdhmt	6.419354839	6	1.806451613	13.80645161	1.225806452	1.774193548	75.87096774	0	4.129032258	4.129032258
ubertorrent	1.517241379	1	1	13.03448276	2.379310345	1.068965517	35.62068966	0	6.379310345	6.379310345
uilabs	1	1	1	10.6	0.4	1	36	0	2.8	2.8
uj-petri-net-simulator	1.953125	6	1.203125	7.796875	3.609375	1.953125	33.625	0.296875	5.53125	7.828125
ujr-scorecard	1.019230769	1	1	10.61538462	5.153846154	2.044871795	56.75641026	0.365384615	12.05128205	17.79487179
universalmvc	1	1	1	4.714285714	1.714285714	1	40.57142857	0	3.857142857	3.857142857
unterhaltung-pcs-sgbd	2.136363636	4	1.363636364	11.29545455	1.5	1.5	56.97727273	0.295454545	7.454545455	9
upcdew-playaestacionamiento	3.857142857	5	2.357142857	25.07142857	2.25	1.357142857	28.78571429	0	5.607142857	5.607142857
upcdsd-20112-epica	3.472727273	5	1.727272727	10.96363636	2.218181818	1.490909091	26.41818182	0	4.872727273	4.872727273
update19	2.25	1	1	9.25	0.5	1	29.5	0	3.75	3.75
utilidadesswing	3	1	1	6.833333333	2.166666667	1.333333333	77.16666667	0	14	14
vampidroid	4.851851852	3	1.111111111	13.25925926	2.518518519	2.111111111	44.07407407	0.185185185	6.814814815	9.222222222
varmask	1	1	1	30.5	0.5	1	12.5	0	4.5	4.5
vavi-sensor	1.666666667	1	1	4.833333333	0.5	1	12.5	0	5.833333333	5.833333333
vcr4j	2.867647059	1	1	8.720588235	2.588235294	1.955882353	68.48529412	0.529411765	8.382352941	13.82352941
vehicles	17.27906977	3	2.23255814	18.27906977	3.209302326	1.395348837	45.11627907	0.11627907	13.06976744	18.04651163
veoviewer	2.304347826	1	1	8.260869565	2.043478261	1.739130435	50.95652174	0.217391304	11.65217391	13.39130435
version-manager	2.086956522	1	1	8.565217391	1.608695652	1.739130435	40.86956522	0.347826087	12.52173913	19.30434783
vetecheck	2.266666667	1	1	21.82222222	1.355555556	1.355555556	76.66666667	0.088888889	9.244444444	11.2
vhf-ingenieros	4.697674419	3	1.441860465	16.48837209	1.255813953	1.046511628	38.60465116	0.023255814	8.813953488	9.046511628
vird-gm	1.125	1	1	8.875	1.25	1	63.25	0	6.625	6.625
visual-tracer	1.133333333	3	1	5.266666667	3.066666667	1.866666667	46.4	0.4	8.2	16.84444444
vkantakte-projects	2.25	1	1	9.25	1.416666667	1.083333333	38.25	0	3.166666667	3.166666667
volatileengine	3.398148148	1	1	5.416666667	3.351851852	1.861111111	34.65740741	0.694444444	6.37962963	11.97222222
vpfarm	1	1	1	11.12903226	2.903225806	1.64516129	46.19354839	0	6.451612903	6.451612903
wahlsystem	2.256410256	2	1.102564103	10.23076923	2.384615385	1.564102564	61.46153846	0.384615385	6.948717949	8.871794872
wanderson	2.954545455	3	1.056818182	11.64772727	2.022727273	1.636363636	61.55681818	0.090909091	5.522727273	6.465909091
wassup-ds	6.652173913	4	1.913043478	13.08695652	1.97826087	1.108695652	43.2173913	0.130434783	9.413043478	9.934782609
watchandshout	1	1	1	13.5	1.166666667	1.666666667	56.83333333	0	8.166666667	8.166666667
watch-dog	1.964285714	2	1	14	3.5	1.357142857	29.5	0.392857143	3.5	4.928571429
webloginmodule	2	1	1	17	1	1.4	49.8	0	3.2	3.2
webos-eclipse-plugin	1.4	1	1	9.8	2.8	1.8	80.8	0	7.4	7.4
web-socialized-syllabus-for-huasers	1.115384615	1	1	12.5	1.038461538	1.307692308	37.30769231	0	6.153846154	6.153846154
webterm	3.044444444	1	1	5.477777778	1.733333333	1.244444444	52.13333333	0.122222222	3.955555556	4.8
wicket-javaone-demo	2.666666667	1	1	8.933333333	1.266666667	1.866666667	42.6	0.266666667	2.133333333	2.666666667
wikiboard	4.589285714	3	1.678571429	6.857142857	2.285714286	2.142857143	28.91071429	0.303571429	4.696428571	7.392857143
wiki-hibernate-stefano	1.028985507	1	1	10.10144928	1.376811594	1.072463768	36.76811594	0.028985507	6.884057971	7.057971014
wimi-os	2.266666667	2	1.066666667	16	4.466666667	1.2	50.73333333	0	4.933333333	4.933333333
wiquery-demos	1.15	1	1	11.6	0.82	2.16	67.56	0.42	2.84	4.27
wmf2svg	3.333333333	1	1	31.66666667	3.523809524	1.571428571	48.57142857	0.047619048	15.23809524	16.47619048
wobmail	4.818181818	1	1	6.636363636	2.5	2.409090909	48.40909091	0.409090909	9.5	11.72727273
wordcram	11.71875	1	1	7.5625	2.84375	1.0625	29.53125	0.0625	6.375	6.375
word-evo	10.22222222	1	1	10.44444444	0.666666667	1.222222222	50.22222222	0	9.444444444	9.444444444
wordpuzzle	4.5	3	2	6	0	2	90.5	0	18	18
workhorse	2.007692308	1	1	3.884615385	3.215384615	2.176923077	33.52307692	0.530769231	4.430769231	9.338461538
works	3.196078431	2	1.156862745	13.54901961	1.882352941	1.764705882	51.54901961	0.176470588	7.901960784	8.862745098
wsep082	7.641509434	5	1.433962264	12.60377358	4.698113208	1.377358491	53.50943396	0.056603774	10.32075472	10.47169811
wsexplorer	3.785714286	1	1	13.07142857	1.571428571	1.285714286	43	0	7.285714286	7.285714286
wulumuqi	6.590909091	2	1.136363636	8.772727273	1.454545455	2.272727273	14.31818182	0.409090909	2.954545455	4.045454545
wyymlab	1	1	1	3	0	1	0	0	1	1
xalan-reports	1.41025641	2	1.042735043	8.213675214	4.717948718	1.376068376	38.30769231	0.282051282	8.068376068	11.38461538
xincproc	3	1	1	8.272727273	2.5	1.454545455	38	0.272727273	7.045454545	9.5
xiyu-code	2.971698113	1	1	10.08490566	3.801886792	2.075471698	61.96226415	0.132075472	10.33018868	16.59433962
xml-collab	2.64	2	1.24	17.52	0.96	1.2	35.48	0	4.04	4.04
xmlzen	8.153846154	2	1.230769231	8.076923077	1.769230769	1.153846154	50.15384615	0	7.384615385	7.384615385
xm-ng	17.66666667	4	3.333333333	26.33333333	0	2.666666667	94.66666667	0.666666667	4.666666667	12.66666667
xname	1	1	1	10.6	1.2	1.2	46	0	7	7
xoperator	3.386363636	4	1.068181818	7.909090909	3.568181818	1.363636364	41.68181818	0.204545455	5.909090909	6.590909091
xpresso-builder	1	1	1	5.952380952	1.142857143	1.571428571	13.71428571	0	3.095238095	3.095238095
xpresso-utils	1.489361702	1	1	11.12765957	1.510638298	1.382978723	24.36170213	0.042553191	4.468085106	4.723404255
xptetris	2.84	1	1	8.72	1.04	1.88	54.72	0.56	5.36	13
xsearchengine	2.583333333	1	1	35.33333333	1	1.083333333	52.83333333	0	8.666666667	8.666666667
xtremeobjects	2.290502793	1	1	6.675977654	2.888268156	1.374301676	38.53631285	0.122905028	8.765363128	10.23463687
xtremme-pinball	19.68	3	2.48	17.16	4.56	1.92	84.4	0.12	15	17.64
xwiki-mantis-plugin	1	1	1	7.62962963	2.777777778	1.259259259	56.44444444	0.111111111	18.11111111	18.55555556
xworkframework	3.642857143	3	1.035714286	8.428571429	2.535714286	1.982142857	37.16071429	0.392857143	5.946428571	6.875
yahoohd	2	1	1	43	0	1	0	0	2	2
yajba	2.163934426	1	1	7.295081967	3.262295082	1.901639344	36.1147541	0.655737705	9.37704918	13.62295082
yajdr	2.05	1	1	17.75	2	1.75	63.6	0	6.4	6.4
yasdic	2.363636364	2	1	6.090909091	2.090909091	1.5	45.5	0.181818182	6.727272727	7.545454545
youaretrash	1.222222222	1	1	13.44444444	4.333333333	2.222222222	38.83333333	0.444444444	7.833333333	9.166666667
yywork3	1.909090909	3	1.272727273	12.5	1.045454545	1.5	37.18181818	0.045454545	4.090909091	4.272727273
zing	3.025316456	1	1	11.12658228	2.544303797	1.734177215	35.02531646	0.278481013	7.265822785	11.07594937
zmanim-framework	1.294117647	1	1	10.41176471	1.941176471	1.470588235	68.11764706	0.352941176	20.05882353	28.41176471
zonepos	1	1	1	17.30769231	3.615384615	1.153846154	66.69230769	0	4.769230769	4.769230769
zooball-game-class-spring-2009	2.72	2	1.64	6.92	3.28	1.48	53.84	0.32	10.36	22.32
zsea-planetwars	4	2	1.8	10.2	2.4	1	57.4	0	16.2	16.2
zuaari	1.15625	3	1.0625	6.5625	1.65625	1.3125	49.90625	0.03125	6.21875	7.28125
